;id	neighborNumber	preid	nextid	itid...	
0	2	-1	1	
1	2	0	2	
2	2	1	3	
3	2	2	4	
4	2	3	5	
5	2	4	6	
6	2	5	7	
7	2	6	8	
8	2	7	9	
9	2	8	10	
10	2	9	11	
11	2	10	12	
12	2	11	13	
13	2	12	14	
14	2	13	15	
15	2	14	16	
16	2	15	17	
17	2	16	18	
18	2	17	19	
19	2	18	20	
20	2	19	21	
21	2	20	22	
22	2	21	23	
23	2	22	24	
24	2	23	25	
25	2	24	26	
26	2	25	27	
27	2	26	28	
28	2	27	29	
29	2	28	30	
30	2	29	31	
31	2	30	32	
32	2	31	33	
33	2	32	34	
34	2	33	35	
35	2	34	36	
36	2	35	37	
37	2	36	38	
38	2	37	39	
39	2	38	40	
40	2	39	41	
41	2	40	42	
42	2	41	43	
43	2	42	44	
44	2	43	45	
45	2	44	46	
46	2	45	47	
47	2	46	48	
48	2	47	49	
49	2	48	50	
50	2	49	51	
51	2	50	52	
52	2	51	53	
53	2	52	54	
54	2	53	55	
55	2	54	56	
56	2	55	57	
57	2	56	58	
58	2	57	59	
59	2	58	60	
60	2	59	61	
61	2	60	62	
62	2	61	63	
63	2	62	64	
64	2	63	65	
65	2	64	66	
66	2	65	67	
67	2	66	68	
68	2	67	69	
69	2	68	70	
70	2	69	71	
71	2	70	72	
72	2	71	73	
73	2	72	74	
74	2	73	75	
75	2	74	76	
76	2	75	77	
77	2	76	78	
78	2	77	79	
79	2	78	80	
80	2	79	81	
81	2	80	82	
82	3	81	83	2537	
83	2	82	84	
84	2	83	85	
85	2	84	86	
86	2	85	87	
87	2	86	88	
88	2	87	89	
89	2	88	90	
90	2	89	91	
91	2	90	92	
92	2	91	93	
93	2	92	94	
94	2	93	95	
95	2	94	96	
96	2	95	97	
97	2	96	98	
98	2	97	99	
99	2	98	100	
100	2	99	101	
101	2	100	102	
102	2	101	103	
103	2	102	104	
104	2	103	105	
105	2	104	106	
106	2	105	107	
107	2	106	108	
108	2	107	109	
109	2	108	110	
110	2	109	111	
111	2	110	112	
112	2	111	113	
113	2	112	114	
114	2	113	115	
115	2	114	116	
116	2	115	117	
117	2	116	118	
118	2	117	119	
119	2	118	120	
120	2	119	121	
121	2	120	122	
122	2	121	123	
123	2	122	124	
124	2	123	125	
125	2	124	126	
126	2	125	127	
127	2	126	128	
128	2	127	129	
129	2	128	130	
130	2	129	131	
131	2	130	132	
132	2	131	133	
133	2	132	134	
134	2	133	135	
135	2	134	136	
136	2	135	137	
137	2	136	138	
138	2	137	139	
139	2	138	140	
140	2	139	141	
141	2	140	142	
142	3	141	143	2054	
143	2	142	144	
144	2	143	145	
145	2	144	146	
146	2	145	147	
147	2	146	148	
148	2	147	149	
149	2	148	150	
150	2	149	151	
151	2	150	152	
152	2	151	153	
153	2	152	154	
154	2	153	155	
155	2	154	156	
156	2	155	157	
157	2	156	158	
158	2	157	159	
159	2	158	160	
160	2	159	161	
161	2	160	162	
162	2	161	163	
163	2	162	164	
164	2	163	165	
165	2	164	166	
166	2	165	167	
167	2	166	168	
168	2	167	169	
169	2	168	170	
170	2	169	171	
171	2	170	172	
172	2	171	173	
173	2	172	174	
174	2	173	175	
175	2	174	176	
176	2	175	177	
177	2	176	178	
178	2	177	179	
179	2	178	180	
180	2	179	181	
181	2	180	182	
182	2	181	183	
183	2	182	184	
184	2	183	185	
185	2	184	186	
186	2	185	187	
187	2	186	188	
188	2	187	189	
189	2	188	190	
190	2	189	191	
191	2	190	192	
192	2	191	193	
193	2	192	194	
194	2	193	195	
195	2	194	196	
196	2	195	197	
197	2	196	198	
198	2	197	199	
199	2	198	200	
200	2	199	201	
201	2	200	202	
202	2	201	203	
203	2	202	204	
204	2	203	205	
205	2	204	206	
206	2	205	207	
207	2	206	208	
208	2	207	209	
209	2	208	210	
210	2	209	211	
211	2	210	212	
212	2	211	213	
213	2	212	214	
214	2	213	215	
215	2	214	216	
216	2	215	217	
217	2	216	218	
218	2	217	219	
219	2	218	220	
220	2	219	221	
221	2	220	222	
222	2	221	223	
223	2	222	224	
224	2	223	225	
225	2	224	226	
226	2	225	227	
227	2	226	228	
228	2	227	229	
229	2	228	230	
230	2	229	231	
231	2	230	232	
232	2	231	233	
233	2	232	234	
234	2	233	235	
235	2	234	236	
236	2	235	237	
237	2	236	238	
238	2	237	239	
239	2	238	240	
240	2	239	241	
241	2	240	242	
242	2	241	243	
243	2	242	244	
244	2	243	245	
245	2	244	246	
246	2	245	247	
247	2	246	248	
248	2	247	249	
249	2	248	250	
250	2	249	251	
251	2	250	252	
252	2	251	253	
253	2	252	254	
254	2	253	255	
255	2	254	256	
256	2	255	257	
257	2	256	258	
258	2	257	259	
259	2	258	260	
260	2	259	261	
261	2	260	262	
262	2	261	263	
263	2	262	264	
264	2	263	265	
265	2	264	266	
266	2	265	267	
267	2	266	268	
268	2	267	269	
269	2	268	270	
270	2	269	271	
271	2	270	272	
272	2	271	273	
273	2	272	274	
274	2	273	275	
275	2	274	276	
276	2	275	277	
277	2	276	278	
278	2	277	279	
279	2	278	280	
280	2	279	281	
281	2	280	282	
282	2	281	283	
283	2	282	284	
284	2	283	285	
285	2	284	286	
286	2	285	287	
287	2	286	288	
288	2	287	289	
289	2	288	290	
290	2	289	291	
291	2	290	292	
292	2	291	293	
293	2	292	294	
294	2	293	295	
295	2	294	296	
296	2	295	297	
297	2	296	298	
298	2	297	299	
299	2	298	300	
300	2	299	301	
301	2	300	302	
302	2	301	303	
303	2	302	304	
304	2	303	305	
305	2	304	306	
306	2	305	307	
307	2	306	308	
308	2	307	309	
309	2	308	310	
310	2	309	311	
311	2	310	312	
312	2	311	313	
313	2	312	314	
314	2	313	315	
315	2	314	316	
316	2	315	317	
317	2	316	318	
318	2	317	319	
319	2	318	320	
320	2	319	321	
321	2	320	322	
322	3	321	323	2589	
323	2	322	324	
324	2	323	325	
325	2	324	326	
326	2	325	327	
327	2	326	328	
328	2	327	329	
329	2	328	330	
330	2	329	331	
331	2	330	332	
332	2	331	333	
333	2	332	334	
334	2	333	335	
335	2	334	336	
336	2	335	337	
337	2	336	338	
338	2	337	339	
339	2	338	340	
340	2	339	341	
341	2	340	342	
342	2	341	343	
343	2	342	344	
344	2	343	345	
345	2	344	346	
346	2	345	347	
347	2	346	348	
348	2	347	349	
349	2	348	350	
350	2	349	351	
351	2	350	352	
352	2	351	353	
353	2	352	354	
354	2	353	355	
355	2	354	356	
356	2	355	357	
357	2	356	358	
358	2	357	359	
359	2	358	360	
360	2	359	361	
361	2	360	362	
362	2	361	363	
363	2	362	364	
364	2	363	365	
365	2	364	366	
366	2	365	367	
367	2	366	368	
368	2	367	369	
369	2	368	370	
370	2	369	371	
371	2	370	372	
372	2	371	373	
373	2	372	374	
374	2	373	375	
375	2	374	376	
376	2	375	377	
377	2	376	378	
378	2	377	379	
379	2	378	380	
380	2	379	381	
381	2	380	382	
382	2	381	383	
383	2	382	384	
384	2	383	385	
385	2	384	386	
386	2	385	387	
387	2	386	388	
388	2	387	389	
389	2	388	390	
390	3	389	391	2108	
391	2	390	392	
392	2	391	393	
393	2	392	394	
394	2	393	395	
395	2	394	396	
396	2	395	397	
397	2	396	398	
398	2	397	399	
399	2	398	400	
400	2	399	401	
401	2	400	402	
402	2	401	403	
403	2	402	404	
404	2	403	405	
405	2	404	406	
406	2	405	407	
407	2	406	408	
408	2	407	409	
409	2	408	410	
410	2	409	411	
411	2	410	412	
412	2	411	413	
413	2	412	414	
414	2	413	415	
415	2	414	416	
416	2	415	417	
417	2	416	418	
418	2	417	419	
419	2	418	420	
420	2	419	421	
421	2	420	422	
422	2	421	423	
423	2	422	424	
424	2	423	425	
425	2	424	426	
426	2	425	427	
427	2	426	428	
428	2	427	429	
429	2	428	430	
430	2	429	431	
431	2	430	432	
432	2	431	433	
433	2	432	434	
434	2	433	435	
435	2	434	436	
436	2	435	437	
437	2	436	438	
438	2	437	439	
439	2	438	440	
440	2	439	441	
441	2	440	442	
442	2	441	443	
443	2	442	444	
444	2	443	445	
445	2	444	446	
446	2	445	447	
447	2	446	448	
448	2	447	449	
449	2	448	450	
450	2	449	451	
451	2	450	452	
452	2	451	453	
453	2	452	454	
454	2	453	455	
455	2	454	456	
456	2	455	457	
457	2	456	458	
458	2	457	459	
459	2	458	460	
460	2	459	461	
461	2	460	462	
462	2	461	463	
463	2	462	464	
464	2	463	465	
465	2	464	466	
466	2	465	467	
467	2	466	468	
468	2	467	469	
469	2	468	470	
470	2	469	471	
471	2	470	472	
472	2	471	473	
473	2	472	474	
474	2	473	475	
475	2	474	476	
476	2	475	477	
477	2	476	478	
478	2	477	479	
479	2	478	480	
480	2	479	481	
481	2	480	482	
482	2	481	483	
483	2	482	484	
484	2	483	485	
485	2	484	486	
486	2	485	487	
487	2	486	488	
488	2	487	489	
489	2	488	490	
490	2	489	491	
491	2	490	492	
492	2	491	493	
493	2	492	494	
494	2	493	495	
495	2	494	496	
496	2	495	497	
497	2	496	498	
498	2	497	499	
499	2	498	500	
500	2	499	501	
501	2	500	502	
502	2	501	503	
503	2	502	504	
504	2	503	505	
505	2	504	506	
506	2	505	507	
507	2	506	508	
508	2	507	509	
509	2	508	510	
510	2	509	511	
511	2	510	512	
512	2	511	513	
513	2	512	514	
514	2	513	515	
515	2	514	516	
516	2	515	517	
517	2	516	518	
518	2	517	519	
519	2	518	520	
520	2	519	521	
521	2	520	522	
522	2	521	523	
523	2	522	524	
524	2	523	525	
525	2	524	526	
526	2	525	527	
527	2	526	528	
528	2	527	529	
529	2	528	530	
530	2	529	531	
531	2	530	532	
532	2	531	533	
533	2	532	534	
534	2	533	535	
535	2	534	536	
536	2	535	537	
537	3	536	538	2646	
538	2	537	539	
539	2	538	540	
540	2	539	541	
541	2	540	542	
542	2	541	543	
543	2	542	544	
544	2	543	545	
545	2	544	546	
546	2	545	547	
547	2	546	548	
548	2	547	549	
549	2	548	550	
550	2	549	551	
551	2	550	552	
552	2	551	553	
553	2	552	554	
554	2	553	555	
555	2	554	556	
556	2	555	557	
557	2	556	558	
558	2	557	559	
559	2	558	560	
560	2	559	561	
561	2	560	562	
562	2	561	563	
563	2	562	564	
564	2	563	565	
565	2	564	566	
566	2	565	567	
567	2	566	568	
568	2	567	569	
569	2	568	570	
570	2	569	571	
571	2	570	572	
572	2	571	573	
573	2	572	574	
574	2	573	575	
575	2	574	576	
576	2	575	577	
577	2	576	578	
578	2	577	579	
579	2	578	580	
580	2	579	581	
581	2	580	582	
582	2	581	583	
583	2	582	584	
584	2	583	585	
585	2	584	586	
586	2	585	587	
587	2	586	588	
588	2	587	589	
589	2	588	590	
590	2	589	591	
591	2	590	592	
592	2	591	593	
593	2	592	594	
594	2	593	595	
595	2	594	596	
596	2	595	597	
597	2	596	598	
598	2	597	599	
599	2	598	600	
600	2	599	601	
601	2	600	602	
602	2	601	603	
603	2	602	604	
604	2	603	605	
605	2	604	606	
606	2	605	607	
607	2	606	608	
608	2	607	609	
609	2	608	610	
610	2	609	611	
611	2	610	612	
612	2	611	613	
613	2	612	614	
614	2	613	615	
615	2	614	616	
616	2	615	617	
617	2	616	618	
618	2	617	619	
619	2	618	620	
620	2	619	621	
621	2	620	622	
622	2	621	623	
623	2	622	624	
624	2	623	625	
625	2	624	626	
626	2	625	627	
627	2	626	628	
628	2	627	629	
629	2	628	630	
630	2	629	631	
631	2	630	632	
632	2	631	633	
633	2	632	634	
634	2	633	635	
635	2	634	636	
636	2	635	637	
637	2	636	638	
638	2	637	639	
639	2	638	640	
640	2	639	641	
641	2	640	642	
642	2	641	643	
643	2	642	644	
644	2	643	645	
645	2	644	646	
646	3	645	647	2190	
647	2	646	648	
648	2	647	649	
649	2	648	650	
650	2	649	651	
651	2	650	652	
652	2	651	653	
653	2	652	654	
654	2	653	655	
655	2	654	656	
656	2	655	657	
657	2	656	658	
658	2	657	659	
659	2	658	660	
660	2	659	661	
661	2	660	662	
662	2	661	663	
663	2	662	664	
664	2	663	665	
665	2	664	666	
666	2	665	667	
667	2	666	668	
668	2	667	669	
669	2	668	670	
670	2	669	671	
671	2	670	672	
672	2	671	673	
673	2	672	674	
674	2	673	675	
675	2	674	676	
676	2	675	677	
677	2	676	678	
678	2	677	679	
679	2	678	680	
680	2	679	681	
681	2	680	682	
682	2	681	683	
683	2	682	684	
684	2	683	685	
685	2	684	686	
686	2	685	687	
687	2	686	688	
688	2	687	689	
689	2	688	690	
690	2	689	691	
691	2	690	692	
692	2	691	693	
693	2	692	694	
694	2	693	695	
695	2	694	696	
696	2	695	697	
697	2	696	698	
698	2	697	699	
699	2	698	700	
700	2	699	701	
701	2	700	702	
702	2	701	703	
703	2	702	704	
704	2	703	705	
705	2	704	706	
706	2	705	707	
707	2	706	708	
708	2	707	709	
709	2	708	710	
710	2	709	711	
711	2	710	712	
712	2	711	713	
713	2	712	714	
714	2	713	715	
715	2	714	716	
716	2	715	717	
717	2	716	718	
718	2	717	719	
719	2	718	720	
720	2	719	721	
721	2	720	722	
722	2	721	723	
723	2	722	724	
724	2	723	725	
725	2	724	726	
726	2	725	727	
727	2	726	728	
728	2	727	729	
729	2	728	730	
730	2	729	731	
731	2	730	732	
732	2	731	733	
733	2	732	734	
734	2	733	735	
735	2	734	736	
736	2	735	737	
737	2	736	738	
738	2	737	739	
739	2	738	740	
740	2	739	741	
741	2	740	742	
742	2	741	743	
743	2	742	744	
744	2	743	745	
745	2	744	746	
746	2	745	747	
747	2	746	748	
748	2	747	749	
749	2	748	750	
750	2	749	751	
751	2	750	752	
752	2	751	753	
753	2	752	754	
754	2	753	755	
755	2	754	756	
756	2	755	757	
757	2	756	758	
758	2	757	759	
759	2	758	760	
760	2	759	761	
761	2	760	762	
762	2	761	763	
763	2	762	764	
764	2	763	765	
765	2	764	766	
766	2	765	767	
767	2	766	768	
768	2	767	769	
769	2	768	770	
770	2	769	771	
771	2	770	772	
772	2	771	773	
773	2	772	774	
774	2	773	775	
775	2	774	776	
776	2	775	777	
777	2	776	778	
778	2	777	779	
779	2	778	780	
780	2	779	781	
781	2	780	782	
782	2	781	783	
783	2	782	784	
784	2	783	785	
785	2	784	786	
786	2	785	787	
787	2	786	788	
788	2	787	789	
789	2	788	790	
790	2	789	791	
791	2	790	792	
792	2	791	793	
793	2	792	794	
794	2	793	795	
795	2	794	796	
796	2	795	797	
797	2	796	798	
798	2	797	799	
799	2	798	800	
800	2	799	801	
801	2	800	802	
802	2	801	803	
803	2	802	804	
804	2	803	805	
805	2	804	806	
806	2	805	807	
807	2	806	808	
808	2	807	809	
809	2	808	810	
810	2	809	811	
811	2	810	812	
812	2	811	813	
813	2	812	814	
814	2	813	815	
815	2	814	816	
816	2	815	817	
817	2	816	818	
818	2	817	819	
819	2	818	820	
820	2	819	821	
821	2	820	822	
822	2	821	823	
823	2	822	824	
824	2	823	825	
825	2	824	826	
826	2	825	827	
827	2	826	828	
828	2	827	829	
829	2	828	830	
830	2	829	831	
831	2	830	832	
832	2	831	833	
833	2	832	834	
834	2	833	835	
835	2	834	836	
836	2	835	837	
837	2	836	838	
838	2	837	839	
839	2	838	840	
840	2	839	841	
841	2	840	842	
842	2	841	843	
843	2	842	844	
844	2	843	845	
845	2	844	846	
846	2	845	847	
847	2	846	848	
848	2	847	849	
849	2	848	850	
850	2	849	851	
851	2	850	852	
852	2	851	853	
853	2	852	854	
854	2	853	855	
855	2	854	856	
856	2	855	857	
857	2	856	858	
858	3	857	859	2689	
859	2	858	860	
860	2	859	861	
861	2	860	862	
862	2	861	863	
863	2	862	864	
864	2	863	865	
865	2	864	866	
866	2	865	867	
867	2	866	868	
868	2	867	869	
869	2	868	870	
870	2	869	871	
871	2	870	872	
872	2	871	873	
873	2	872	874	
874	2	873	875	
875	2	874	876	
876	2	875	877	
877	2	876	878	
878	2	877	879	
879	2	878	880	
880	2	879	881	
881	2	880	882	
882	2	881	883	
883	2	882	884	
884	2	883	885	
885	2	884	886	
886	2	885	887	
887	2	886	888	
888	2	887	889	
889	2	888	890	
890	2	889	891	
891	2	890	892	
892	2	891	893	
893	2	892	894	
894	2	893	895	
895	2	894	896	
896	2	895	897	
897	2	896	898	
898	2	897	899	
899	2	898	900	
900	2	899	901	
901	2	900	902	
902	2	901	903	
903	2	902	904	
904	2	903	905	
905	2	904	906	
906	2	905	907	
907	3	906	908	2247	
908	2	907	909	
909	2	908	910	
910	2	909	911	
911	2	910	912	
912	2	911	913	
913	2	912	914	
914	2	913	915	
915	2	914	916	
916	2	915	917	
917	2	916	918	
918	2	917	919	
919	2	918	920	
920	2	919	921	
921	2	920	922	
922	2	921	923	
923	2	922	924	
924	2	923	925	
925	2	924	926	
926	2	925	927	
927	2	926	928	
928	2	927	929	
929	2	928	930	
930	2	929	931	
931	2	930	932	
932	2	931	933	
933	2	932	934	
934	2	933	935	
935	2	934	936	
936	2	935	937	
937	2	936	938	
938	2	937	939	
939	2	938	940	
940	2	939	941	
941	2	940	942	
942	2	941	943	
943	2	942	944	
944	2	943	945	
945	2	944	946	
946	2	945	947	
947	2	946	948	
948	2	947	949	
949	2	948	950	
950	2	949	951	
951	2	950	952	
952	2	951	953	
953	2	952	954	
954	2	953	955	
955	2	954	956	
956	2	955	957	
957	2	956	958	
958	2	957	959	
959	2	958	960	
960	2	959	961	
961	2	960	962	
962	2	961	963	
963	2	962	964	
964	2	963	965	
965	2	964	966	
966	2	965	967	
967	2	966	968	
968	2	967	969	
969	2	968	970	
970	2	969	971	
971	2	970	972	
972	2	971	973	
973	2	972	974	
974	2	973	975	
975	2	974	976	
976	2	975	977	
977	2	976	978	
978	2	977	979	
979	2	978	980	
980	2	979	981	
981	2	980	982	
982	2	981	983	
983	2	982	984	
984	2	983	985	
985	2	984	986	
986	2	985	987	
987	2	986	988	
988	2	987	989	
989	2	988	990	
990	2	989	991	
991	2	990	992	
992	2	991	993	
993	2	992	994	
994	2	993	995	
995	2	994	996	
996	2	995	997	
997	2	996	998	
998	2	997	999	
999	2	998	1000	
1000	2	999	1001	
1001	2	1000	1002	
1002	2	1001	1003	
1003	2	1002	1004	
1004	2	1003	1005	
1005	2	1004	1006	
1006	2	1005	1007	
1007	2	1006	1008	
1008	2	1007	1009	
1009	2	1008	1010	
1010	2	1009	1011	
1011	2	1010	1012	
1012	2	1011	1013	
1013	2	1012	1014	
1014	2	1013	1015	
1015	2	1014	1016	
1016	2	1015	1017	
1017	2	1016	1018	
1018	2	1017	1019	
1019	2	1018	1020	
1020	2	1019	1021	
1021	2	1020	1022	
1022	2	1021	1023	
1023	2	1022	1024	
1024	2	1023	1025	
1025	2	1024	1026	
1026	2	1025	1027	
1027	2	1026	1028	
1028	2	1027	1029	
1029	2	1028	1030	
1030	2	1029	1031	
1031	2	1030	1032	
1032	2	1031	1033	
1033	2	1032	1034	
1034	2	1033	1035	
1035	2	1034	1036	
1036	2	1035	1037	
1037	2	1036	1038	
1038	2	1037	1039	
1039	2	1038	1040	
1040	2	1039	1041	
1041	2	1040	1042	
1042	2	1041	1043	
1043	2	1042	1044	
1044	2	1043	1045	
1045	2	1044	1046	
1046	2	1045	1047	
1047	3	1046	1048	2294	
1048	2	1047	1049	
1049	2	1048	1050	
1050	2	1049	1051	
1051	2	1050	1052	
1052	2	1051	1053	
1053	2	1052	1054	
1054	2	1053	1055	
1055	2	1054	1056	
1056	2	1055	1057	
1057	2	1056	1058	
1058	2	1057	1059	
1059	2	1058	1060	
1060	2	1059	1061	
1061	2	1060	1062	
1062	2	1061	1063	
1063	2	1062	1064	
1064	2	1063	1065	
1065	2	1064	1066	
1066	2	1065	1067	
1067	2	1066	1068	
1068	2	1067	1069	
1069	2	1068	1070	
1070	2	1069	1071	
1071	2	1070	1072	
1072	2	1071	1073	
1073	2	1072	1074	
1074	2	1073	1075	
1075	2	1074	1076	
1076	2	1075	1077	
1077	2	1076	1078	
1078	2	1077	1079	
1079	2	1078	1080	
1080	2	1079	1081	
1081	2	1080	1082	
1082	2	1081	1083	
1083	2	1082	1084	
1084	2	1083	1085	
1085	2	1084	1086	
1086	2	1085	1087	
1087	2	1086	1088	
1088	2	1087	1089	
1089	2	1088	1090	
1090	2	1089	1091	
1091	2	1090	1092	
1092	2	1091	1093	
1093	2	1092	1094	
1094	2	1093	1095	
1095	2	1094	1096	
1096	2	1095	1097	
1097	2	1096	1098	
1098	2	1097	1099	
1099	2	1098	1100	
1100	2	1099	1101	
1101	2	1100	1102	
1102	2	1101	1103	
1103	2	1102	1104	
1104	2	1103	1105	
1105	2	1104	1106	
1106	2	1105	1107	
1107	2	1106	1108	
1108	3	1107	1109	2736	
1109	2	1108	1110	
1110	2	1109	1111	
1111	2	1110	1112	
1112	2	1111	1113	
1113	2	1112	1114	
1114	2	1113	1115	
1115	2	1114	1116	
1116	2	1115	1117	
1117	2	1116	1118	
1118	2	1117	1119	
1119	2	1118	1120	
1120	2	1119	1121	
1121	2	1120	1122	
1122	2	1121	1123	
1123	2	1122	1124	
1124	2	1123	1125	
1125	2	1124	1126	
1126	2	1125	1127	
1127	2	1126	1128	
1128	2	1127	1129	
1129	2	1128	1130	
1130	2	1129	1131	
1131	2	1130	1132	
1132	2	1131	1133	
1133	2	1132	1134	
1134	2	1133	1135	
1135	2	1134	1136	
1136	2	1135	1137	
1137	2	1136	1138	
1138	2	1137	1139	
1139	2	1138	1140	
1140	2	1139	1141	
1141	2	1140	1142	
1142	2	1141	1143	
1143	2	1142	1144	
1144	2	1143	1145	
1145	2	1144	1146	
1146	2	1145	1147	
1147	2	1146	1148	
1148	2	1147	1149	
1149	2	1148	1150	
1150	2	1149	1151	
1151	2	1150	1152	
1152	2	1151	1153	
1153	2	1152	1154	
1154	2	1153	1155	
1155	2	1154	1156	
1156	2	1155	1157	
1157	2	1156	1158	
1158	2	1157	1159	
1159	2	1158	1160	
1160	2	1159	1161	
1161	2	1160	1162	
1162	2	1161	1163	
1163	2	1162	1164	
1164	2	1163	1165	
1165	2	1164	1166	
1166	2	1165	1167	
1167	2	1166	1168	
1168	2	1167	1169	
1169	2	1168	1170	
1170	2	1169	1171	
1171	2	1170	1172	
1172	2	1171	1173	
1173	2	1172	1174	
1174	2	1173	1175	
1175	2	1174	1176	
1176	2	1175	1177	
1177	2	1176	1178	
1178	2	1177	1179	
1179	2	1178	1180	
1180	2	1179	1181	
1181	2	1180	1182	
1182	2	1181	1183	
1183	2	1182	1184	
1184	2	1183	1185	
1185	2	1184	1186	
1186	2	1185	1187	
1187	2	1186	1188	
1188	2	1187	1189	
1189	2	1188	1190	
1190	2	1189	1191	
1191	2	1190	1192	
1192	2	1191	1193	
1193	2	1192	1194	
1194	2	1193	1195	
1195	2	1194	1196	
1196	2	1195	1197	
1197	2	1196	1198	
1198	2	1197	1199	
1199	2	1198	1200	
1200	2	1199	1201	
1201	2	1200	1202	
1202	2	1201	1203	
1203	2	1202	1204	
1204	2	1203	1205	
1205	2	1204	1206	
1206	2	1205	1207	
1207	2	1206	1208	
1208	2	1207	1209	
1209	2	1208	1210	
1210	2	1209	1211	
1211	2	1210	1212	
1212	2	1211	1213	
1213	2	1212	1214	
1214	2	1213	1215	
1215	2	1214	1216	
1216	2	1215	1217	
1217	2	1216	1218	
1218	2	1217	1219	
1219	2	1218	1220	
1220	2	1219	1221	
1221	2	1220	1222	
1222	2	1221	1223	
1223	2	1222	1224	
1224	2	1223	1225	
1225	2	1224	1226	
1226	2	1225	1227	
1227	2	1226	1228	
1228	2	1227	1229	
1229	2	1228	1230	
1230	2	1229	1231	
1231	2	1230	1232	
1232	2	1231	1233	
1233	2	1232	1234	
1234	2	1233	1235	
1235	2	1234	1236	
1236	2	1235	1237	
1237	2	1236	1238	
1238	2	1237	1239	
1239	2	1238	1240	
1240	2	1239	1241	
1241	2	1240	1242	
1242	2	1241	1243	
1243	2	1242	1244	
1244	2	1243	1245	
1245	2	1244	1246	
1246	2	1245	1247	
1247	2	1246	1248	
1248	2	1247	1249	
1249	2	1248	1250	
1250	2	1249	1251	
1251	2	1250	1252	
1252	2	1251	1253	
1253	2	1252	1254	
1254	2	1253	1255	
1255	2	1254	1256	
1256	2	1255	1257	
1257	2	1256	1258	
1258	2	1257	1259	
1259	2	1258	1260	
1260	2	1259	1261	
1261	2	1260	1262	
1262	2	1261	1263	
1263	2	1262	1264	
1264	2	1263	1265	
1265	2	1264	1266	
1266	2	1265	1267	
1267	2	1266	1268	
1268	2	1267	1269	
1269	2	1268	1270	
1270	2	1269	1271	
1271	2	1270	1272	
1272	2	1271	1273	
1273	2	1272	1274	
1274	2	1273	1275	
1275	2	1274	1276	
1276	2	1275	1277	
1277	2	1276	1278	
1278	2	1277	1279	
1279	2	1278	1280	
1280	2	1279	1281	
1281	2	1280	1282	
1282	2	1281	1283	
1283	2	1282	1284	
1284	2	1283	1285	
1285	2	1284	1286	
1286	2	1285	1287	
1287	2	1286	1288	
1288	2	1287	1289	
1289	2	1288	1290	
1290	2	1289	1291	
1291	2	1290	1292	
1292	2	1291	1293	
1293	2	1292	1294	
1294	2	1293	1295	
1295	2	1294	1296	
1296	2	1295	1297	
1297	2	1296	1298	
1298	2	1297	1299	
1299	2	1298	1300	
1300	2	1299	1301	
1301	2	1300	1302	
1302	2	1301	1303	
1303	3	1302	1304	2781	
1304	2	1303	1305	
1305	2	1304	1306	
1306	2	1305	1307	
1307	2	1306	1308	
1308	2	1307	1309	
1309	2	1308	1310	
1310	2	1309	1311	
1311	2	1310	1312	
1312	2	1311	1313	
1313	2	1312	1314	
1314	2	1313	1315	
1315	2	1314	1316	
1316	2	1315	1317	
1317	2	1316	1318	
1318	2	1317	1319	
1319	2	1318	1320	
1320	2	1319	1321	
1321	2	1320	1322	
1322	2	1321	1323	
1323	2	1322	1324	
1324	2	1323	1325	
1325	2	1324	1326	
1326	2	1325	1327	
1327	2	1326	1328	
1328	2	1327	1329	
1329	2	1328	1330	
1330	2	1329	1331	
1331	2	1330	1332	
1332	2	1331	1333	
1333	2	1332	1334	
1334	2	1333	1335	
1335	2	1334	1336	
1336	2	1335	1337	
1337	2	1336	1338	
1338	2	1337	1339	
1339	2	1338	1340	
1340	3	1339	1341	2336	
1341	2	1340	1342	
1342	2	1341	1343	
1343	2	1342	1344	
1344	2	1343	1345	
1345	2	1344	1346	
1346	2	1345	1347	
1347	2	1346	1348	
1348	2	1347	1349	
1349	2	1348	1350	
1350	2	1349	1351	
1351	2	1350	1352	
1352	2	1351	1353	
1353	2	1352	1354	
1354	2	1353	1355	
1355	2	1354	1356	
1356	2	1355	1357	
1357	2	1356	1358	
1358	2	1357	1359	
1359	2	1358	1360	
1360	2	1359	1361	
1361	2	1360	1362	
1362	2	1361	1363	
1363	2	1362	1364	
1364	2	1363	1365	
1365	2	1364	1366	
1366	2	1365	1367	
1367	2	1366	1368	
1368	2	1367	1369	
1369	2	1368	1370	
1370	2	1369	1371	
1371	2	1370	1372	
1372	2	1371	1373	
1373	2	1372	1374	
1374	2	1373	1375	
1375	2	1374	1376	
1376	2	1375	1377	
1377	2	1376	1378	
1378	2	1377	1379	
1379	2	1378	1380	
1380	2	1379	1381	
1381	2	1380	1382	
1382	2	1381	1383	
1383	2	1382	1384	
1384	2	1383	1385	
1385	2	1384	1386	
1386	2	1385	1387	
1387	2	1386	1388	
1388	2	1387	1389	
1389	2	1388	1390	
1390	2	1389	1391	
1391	2	1390	1392	
1392	2	1391	1393	
1393	2	1392	1394	
1394	2	1393	1395	
1395	2	1394	1396	
1396	2	1395	1397	
1397	2	1396	1398	
1398	2	1397	1399	
1399	2	1398	1400	
1400	2	1399	1401	
1401	2	1400	1402	
1402	2	1401	1403	
1403	2	1402	1404	
1404	2	1403	1405	
1405	2	1404	1406	
1406	2	1405	1407	
1407	2	1406	1408	
1408	2	1407	1409	
1409	2	1408	1410	
1410	2	1409	1411	
1411	2	1410	1412	
1412	2	1411	1413	
1413	2	1412	1414	
1414	2	1413	1415	
1415	2	1414	1416	
1416	2	1415	1417	
1417	2	1416	1418	
1418	2	1417	1419	
1419	2	1418	1420	
1420	2	1419	1421	
1421	2	1420	1422	
1422	2	1421	1423	
1423	2	1422	1424	
1424	2	1423	1425	
1425	2	1424	1426	
1426	2	1425	1427	
1427	2	1426	1428	
1428	2	1427	1429	
1429	2	1428	1430	
1430	2	1429	1431	
1431	2	1430	1432	
1432	2	1431	1433	
1433	2	1432	1434	
1434	2	1433	1435	
1435	2	1434	1436	
1436	2	1435	1437	
1437	2	1436	1438	
1438	2	1437	1439	
1439	2	1438	1440	
1440	2	1439	1441	
1441	2	1440	1442	
1442	2	1441	1443	
1443	2	1442	1444	
1444	2	1443	1445	
1445	2	1444	1446	
1446	2	1445	1447	
1447	2	1446	1448	
1448	2	1447	1449	
1449	2	1448	1450	
1450	2	1449	1451	
1451	2	1450	1452	
1452	2	1451	1453	
1453	2	1452	1454	
1454	2	1453	1455	
1455	2	1454	1456	
1456	2	1455	1457	
1457	2	1456	1458	
1458	2	1457	1459	
1459	2	1458	1460	
1460	2	1459	1461	
1461	2	1460	1462	
1462	2	1461	1463	
1463	2	1462	1464	
1464	2	1463	1465	
1465	2	1464	1466	
1466	2	1465	1467	
1467	2	1466	1468	
1468	2	1467	1469	
1469	2	1468	1470	
1470	2	1469	1471	
1471	2	1470	1472	
1472	2	1471	1473	
1473	2	1472	1474	
1474	2	1473	1475	
1475	2	1474	1476	
1476	2	1475	1477	
1477	2	1476	1478	
1478	2	1477	1479	
1479	2	1478	1480	
1480	2	1479	1481	
1481	2	1480	1482	
1482	2	1481	1483	
1483	2	1482	1484	
1484	2	1483	1485	
1485	2	1484	1486	
1486	2	1485	1487	
1487	2	1486	1488	
1488	2	1487	1489	
1489	2	1488	1490	
1490	2	1489	1491	
1491	2	1490	1492	
1492	2	1491	1493	
1493	2	1492	1494	
1494	2	1493	1495	
1495	2	1494	1496	
1496	2	1495	1497	
1497	2	1496	1498	
1498	2	1497	1499	
1499	2	1498	1500	
1500	2	1499	1501	
1501	2	1500	1502	
1502	2	1501	1503	
1503	2	1502	1504	
1504	2	1503	1505	
1505	2	1504	1506	
1506	2	1505	1507	
1507	2	1506	1508	
1508	2	1507	1509	
1509	2	1508	1510	
1510	2	1509	1511	
1511	2	1510	1512	
1512	2	1511	1513	
1513	2	1512	1514	
1514	2	1513	1515	
1515	2	1514	1516	
1516	2	1515	1517	
1517	2	1516	1518	
1518	2	1517	1519	
1519	2	1518	1520	
1520	2	1519	1521	
1521	2	1520	1522	
1522	2	1521	1523	
1523	2	1522	1524	
1524	2	1523	1525	
1525	2	1524	1526	
1526	2	1525	1527	
1527	2	1526	1528	
1528	2	1527	1529	
1529	2	1528	1530	
1530	2	1529	1531	
1531	2	1530	1532	
1532	2	1531	1533	
1533	2	1532	1534	
1534	2	1533	1535	
1535	2	1534	1536	
1536	2	1535	1537	
1537	2	1536	1538	
1538	2	1537	1539	
1539	2	1538	1540	
1540	2	1539	1541	
1541	2	1540	1542	
1542	2	1541	1543	
1543	2	1542	1544	
1544	2	1543	1545	
1545	2	1544	1546	
1546	2	1545	1547	
1547	2	1546	1548	
1548	2	1547	1549	
1549	2	1548	1550	
1550	2	1549	1551	
1551	2	1550	1552	
1552	2	1551	1553	
1553	2	1552	1554	
1554	2	1553	1555	
1555	2	1554	1556	
1556	2	1555	1557	
1557	2	1556	1558	
1558	2	1557	1559	
1559	2	1558	1560	
1560	2	1559	1561	
1561	2	1560	1562	
1562	2	1561	1563	
1563	2	1562	1564	
1564	2	1563	1565	
1565	2	1564	1566	
1566	2	1565	1567	
1567	2	1566	1568	
1568	2	1567	1569	
1569	2	1568	1570	
1570	2	1569	1571	
1571	2	1570	1572	
1572	2	1571	1573	
1573	2	1572	1574	
1574	2	1573	1575	
1575	2	1574	1576	
1576	2	1575	1577	
1577	2	1576	1578	
1578	2	1577	1579	
1579	2	1578	1580	
1580	2	1579	1581	
1581	2	1580	1582	
1582	2	1581	1583	
1583	2	1582	1584	
1584	2	1583	1585	
1585	2	1584	1586	
1586	2	1585	1587	
1587	2	1586	1588	
1588	2	1587	1589	
1589	2	1588	1590	
1590	2	1589	1591	
1591	2	1590	1592	
1592	2	1591	1593	
1593	2	1592	1594	
1594	2	1593	1595	
1595	2	1594	1596	
1596	2	1595	1597	
1597	2	1596	1598	
1598	2	1597	1599	
1599	2	1598	1600	
1600	2	1599	1601	
1601	2	1600	1602	
1602	2	1601	1603	
1603	2	1602	1604	
1604	2	1603	1605	
1605	2	1604	1606	
1606	2	1605	1607	
1607	2	1606	1608	
1608	2	1607	1609	
1609	2	1608	1610	
1610	2	1609	1611	
1611	2	1610	1612	
1612	2	1611	1613	
1613	2	1612	1614	
1614	2	1613	1615	
1615	2	1614	1616	
1616	2	1615	1617	
1617	2	1616	1618	
1618	2	1617	1619	
1619	2	1618	1620	
1620	2	1619	1621	
1621	2	1620	1622	
1622	2	1621	1623	
1623	3	1622	1624	2377	
1624	2	1623	1625	
1625	2	1624	1626	
1626	2	1625	1627	
1627	2	1626	1628	
1628	2	1627	1629	
1629	2	1628	1630	
1630	2	1629	1631	
1631	2	1630	1632	
1632	2	1631	1633	
1633	2	1632	1634	
1634	2	1633	1635	
1635	2	1634	1636	
1636	2	1635	1637	
1637	2	1636	1638	
1638	2	1637	1639	
1639	2	1638	1640	
1640	2	1639	1641	
1641	2	1640	1642	
1642	2	1641	1643	
1643	2	1642	1644	
1644	2	1643	1645	
1645	2	1644	1646	
1646	2	1645	1647	
1647	2	1646	1648	
1648	2	1647	1649	
1649	2	1648	1650	
1650	2	1649	1651	
1651	2	1650	1652	
1652	2	1651	1653	
1653	2	1652	1654	
1654	2	1653	1655	
1655	2	1654	1656	
1656	2	1655	1657	
1657	2	1656	1658	
1658	2	1657	1659	
1659	2	1658	1660	
1660	2	1659	1661	
1661	2	1660	1662	
1662	2	1661	1663	
1663	2	1662	1664	
1664	2	1663	1665	
1665	2	1664	1666	
1666	2	1665	1667	
1667	2	1666	1668	
1668	2	1667	1669	
1669	2	1668	1670	
1670	2	1669	1671	
1671	2	1670	1672	
1672	2	1671	1673	
1673	2	1672	1674	
1674	2	1673	1675	
1675	2	1674	1676	
1676	2	1675	1677	
1677	2	1676	1678	
1678	2	1677	1679	
1679	2	1678	1680	
1680	2	1679	1681	
1681	2	1680	1682	
1682	2	1681	1683	
1683	2	1682	1684	
1684	2	1683	1685	
1685	2	1684	1686	
1686	2	1685	1687	
1687	2	1686	1688	
1688	2	1687	1689	
1689	2	1688	1690	
1690	2	1689	1691	
1691	2	1690	1692	
1692	2	1691	1693	
1693	2	1692	1694	
1694	2	1693	1695	
1695	2	1694	1696	
1696	2	1695	1697	
1697	2	1696	1698	
1698	2	1697	1699	
1699	2	1698	1700	
1700	2	1699	1701	
1701	2	1700	1702	
1702	2	1701	1703	
1703	2	1702	1704	
1704	2	1703	1705	
1705	2	1704	1706	
1706	2	1705	1707	
1707	2	1706	1708	
1708	2	1707	1709	
1709	2	1708	1710	
1710	3	1709	1711	2827	
1711	2	1710	1712	
1712	2	1711	1713	
1713	2	1712	1714	
1714	2	1713	1715	
1715	2	1714	1716	
1716	2	1715	1717	
1717	2	1716	1718	
1718	2	1717	1719	
1719	2	1718	1720	
1720	2	1719	1721	
1721	2	1720	1722	
1722	2	1721	1723	
1723	2	1722	1724	
1724	2	1723	1725	
1725	2	1724	1726	
1726	2	1725	1727	
1727	2	1726	1728	
1728	2	1727	1729	
1729	2	1728	1730	
1730	2	1729	1731	
1731	2	1730	1732	
1732	2	1731	1733	
1733	2	1732	1734	
1734	2	1733	1735	
1735	2	1734	1736	
1736	2	1735	1737	
1737	2	1736	1738	
1738	2	1737	1739	
1739	2	1738	1740	
1740	2	1739	1741	
1741	2	1740	1742	
1742	2	1741	1743	
1743	2	1742	1744	
1744	2	1743	1745	
1745	2	1744	1746	
1746	2	1745	1747	
1747	2	1746	1748	
1748	2	1747	1749	
1749	2	1748	1750	
1750	2	1749	1751	
1751	2	1750	1752	
1752	2	1751	1753	
1753	2	1752	1754	
1754	2	1753	1755	
1755	2	1754	1756	
1756	2	1755	1757	
1757	2	1756	1758	
1758	2	1757	1759	
1759	2	1758	1760	
1760	2	1759	1761	
1761	2	1760	1762	
1762	2	1761	1763	
1763	2	1762	1764	
1764	2	1763	1765	
1765	2	1764	1766	
1766	2	1765	1767	
1767	2	1766	1768	
1768	2	1767	1769	
1769	2	1768	1770	
1770	2	1769	1771	
1771	2	1770	1772	
1772	2	1771	1773	
1773	2	1772	1774	
1774	2	1773	1775	
1775	2	1774	1776	
1776	2	1775	1777	
1777	2	1776	1778	
1778	2	1777	1779	
1779	2	1778	1780	
1780	2	1779	1781	
1781	2	1780	1782	
1782	2	1781	1783	
1783	2	1782	1784	
1784	2	1783	1785	
1785	2	1784	1786	
1786	2	1785	1787	
1787	2	1786	1788	
1788	2	1787	1789	
1789	2	1788	1790	
1790	2	1789	1791	
1791	2	1790	1792	
1792	2	1791	1793	
1793	2	1792	1794	
1794	2	1793	1795	
1795	2	1794	1796	
1796	2	1795	1797	
1797	2	1796	1798	
1798	2	1797	1799	
1799	2	1798	1800	
1800	2	1799	1801	
1801	2	1800	1802	
1802	2	1801	1803	
1803	2	1802	1804	
1804	2	1803	1805	
1805	2	1804	1806	
1806	2	1805	1807	
1807	2	1806	1808	
1808	2	1807	1809	
1809	2	1808	1810	
1810	2	1809	1811	
1811	2	1810	1812	
1812	2	1811	1813	
1813	2	1812	1814	
1814	2	1813	1815	
1815	2	1814	1816	
1816	2	1815	1817	
1817	2	1816	1818	
1818	2	1817	1819	
1819	2	1818	1820	
1820	2	1819	1821	
1821	2	1820	1822	
1822	2	1821	1823	
1823	2	1822	1824	
1824	2	1823	1825	
1825	3	1824	1826	2884	
1826	2	1825	1827	
1827	2	1826	1828	
1828	2	1827	1829	
1829	2	1828	1830	
1830	2	1829	1831	
1831	2	1830	1832	
1832	2	1831	1833	
1833	2	1832	1834	
1834	2	1833	1835	
1835	3	1834	1836	2423	
1836	2	1835	1837	
1837	2	1836	1838	
1838	2	1837	1839	
1839	2	1838	1840	
1840	2	1839	1841	
1841	2	1840	1842	
1842	2	1841	1843	
1843	2	1842	1844	
1844	2	1843	1845	
1845	2	1844	1846	
1846	2	1845	1847	
1847	2	1846	1848	
1848	2	1847	1849	
1849	2	1848	1850	
1850	2	1849	1851	
1851	2	1850	1852	
1852	2	1851	1853	
1853	2	1852	1854	
1854	2	1853	1855	
1855	2	1854	1856	
1856	2	1855	1857	
1857	2	1856	1858	
1858	2	1857	1859	
1859	2	1858	1860	
1860	2	1859	1861	
1861	2	1860	1862	
1862	2	1861	1863	
1863	2	1862	1864	
1864	2	1863	1865	
1865	2	1864	1866	
1866	2	1865	1867	
1867	2	1866	1868	
1868	2	1867	1869	
1869	2	1868	1870	
1870	2	1869	1871	
1871	3	1870	1872	2914	
1872	2	1871	1873	
1873	2	1872	1874	
1874	2	1873	1875	
1875	2	1874	1876	
1876	2	1875	1877	
1877	2	1876	1878	
1878	2	1877	1879	
1879	2	1878	1880	
1880	2	1879	1881	
1881	2	1880	1882	
1882	2	1881	1883	
1883	2	1882	1884	
1884	2	1883	1885	
1885	3	1884	1886	2453	
1886	2	1885	1887	
1887	2	1886	1888	
1888	2	1887	1889	
1889	2	1888	1890	
1890	2	1889	1891	
1891	2	1890	1892	
1892	2	1891	1893	
1893	2	1892	1894	
1894	2	1893	1895	
1895	2	1894	1896	
1896	2	1895	1897	
1897	2	1896	1898	
1898	2	1897	1899	
1899	2	1898	1900	
1900	2	1899	1901	
1901	2	1900	1902	
1902	2	1901	1903	
1903	2	1902	1904	
1904	2	1903	1905	
1905	2	1904	1906	
1906	2	1905	1907	
1907	2	1906	1908	
1908	2	1907	1909	
1909	2	1908	1910	
1910	2	1909	1911	
1911	2	1910	1912	
1912	2	1911	1913	
1913	2	1912	1914	
1914	2	1913	1915	
1915	2	1914	1916	
1916	2	1915	1917	
1917	2	1916	1918	
1918	2	1917	1919	
1919	2	1918	1920	
1920	2	1919	1921	
1921	3	1920	1922	2944	
1922	2	1921	1923	
1923	2	1922	1924	
1924	2	1923	1925	
1925	2	1924	1926	
1926	2	1925	1927	
1927	2	1926	1928	
1928	2	1927	1929	
1929	2	1928	1930	
1930	2	1929	1931	
1931	2	1930	1932	
1932	2	1931	1933	
1933	3	1932	1934	2483	
1934	2	1933	1935	
1935	2	1934	1936	
1936	2	1935	1937	
1937	2	1936	1938	
1938	2	1937	1939	
1939	2	1938	1940	
1940	2	1939	1941	
1941	2	1940	1942	
1942	2	1941	1943	
1943	2	1942	1944	
1944	2	1943	1945	
1945	2	1944	1946	
1946	2	1945	1947	
1947	2	1946	1948	
1948	2	1947	1949	
1949	2	1948	1950	
1950	2	1949	1951	
1951	2	1950	1952	
1952	2	1951	1953	
1953	2	1952	1954	
1954	2	1953	1955	
1955	2	1954	1956	
1956	2	1955	1957	
1957	2	1956	1958	
1958	2	1957	1959	
1959	2	1958	1960	
1960	2	1959	1961	
1961	2	1960	1962	
1962	2	1961	1963	
1963	2	1962	1964	
1964	2	1963	1965	
1965	2	1964	1966	
1966	2	1965	1967	
1967	2	1966	1968	
1968	3	1967	1969	2977	
1969	2	1968	1970	
1970	2	1969	1971	
1971	2	1970	1972	
1972	2	1971	1973	
1973	2	1972	1974	
1974	2	1973	1975	
1975	2	1974	1976	
1976	2	1975	1977	
1977	2	1976	1978	
1978	2	1977	1979	
1979	2	1978	1980	
1980	2	1979	1981	
1981	2	1980	1982	
1982	2	1981	1983	
1983	2	1982	1984	
1984	2	1983	1985	
1985	2	1984	1986	
1986	3	1985	1987	2510	
1987	2	1986	1988	
1988	2	1987	1989	
1989	2	1988	1990	
1990	2	1989	1991	
1991	2	1990	1992	
1992	2	1991	1993	
1993	2	1992	1994	
1994	2	1993	1995	
1995	2	1994	1996	
1996	2	1995	1997	
1997	2	1996	1998	
1998	2	1997	1999	
1999	2	1998	2000	
2000	2	1999	2001	
2001	2	2000	2002	
2002	2	2001	2003	
2003	2	2002	2004	
2004	2	2003	2005	
2005	2	2004	2006	
2006	2	2005	2007	
2007	2	2006	2008	
2008	2	2007	2009	
2009	2	2008	2010	
2010	2	2009	2011	
2011	2	2010	2012	
2012	2	2011	2013	
2013	2	2012	2014	
2014	2	2013	2015	
2015	2	2014	2016	
2016	2	2015	2017	
2017	2	2016	2018	
2018	2	2017	2019	
2019	2	2018	2020	
2020	2	2019	2021	
2021	2	2020	2022	
2022	2	2021	2023	
2023	2	2022	2024	
2024	2	2023	2025	
2025	2	2024	2026	
2026	2	2025	2027	
2027	2	2026	2028	
2028	2	2027	2029	
2029	2	2028	2030	
2030	2	2029	2031	
2031	2	2030	2032	
2032	2	2031	2033	
2033	2	2032	2034	
2034	2	2033	2035	
2035	2	2034	2036	
2036	2	2035	2037	
2037	2	2036	2038	
2038	2	2037	2039	
2039	2	2038	2040	
2040	2	2039	2041	
2041	2	2040	2042	
2042	2	2041	2043	
2043	2	2042	2044	
2044	2	2043	2045	
2045	2	2044	2046	
2046	2	2045	2047	
2047	2	2046	2048	
2048	2	2047	2049	
2049	2	2048	2050	
2050	2	2049	2051	
2051	2	2050	2052	
2052	2	2051	2053	
2053	2	2052	-1	
2054	2	142	2055	
2055	2	2054	2056	
2056	2	2055	2057	
2057	2	2056	2058	
2058	2	2057	2059	
2059	2	2058	2060	
2060	2	2059	2061	
2061	2	2060	2062	
2062	2	2061	2063	
2063	2	2062	2064	
2064	2	2063	2065	
2065	2	2064	2066	
2066	2	2065	2067	
2067	2	2066	2068	
2068	2	2067	2069	
2069	2	2068	2070	
2070	2	2069	2071	
2071	2	2070	2072	
2072	2	2071	2073	
2073	2	2072	2074	
2074	2	2073	2075	
2075	2	2074	2076	
2076	2	2075	2077	
2077	2	2076	2078	
2078	2	2077	2079	
2079	2	2078	2080	
2080	2	2079	2081	
2081	2	2080	2082	
2082	2	2081	2083	
2083	2	2082	2084	
2084	2	2083	2085	
2085	2	2084	2086	
2086	2	2085	2087	
2087	2	2086	2088	
2088	2	2087	2089	
2089	2	2088	2090	
2090	2	2089	2091	
2091	2	2090	2092	
2092	2	2091	2093	
2093	2	2092	2094	
2094	2	2093	2095	
2095	2	2094	2096	
2096	2	2095	2097	
2097	2	2096	2098	
2098	2	2097	2099	
2099	2	2098	2100	
2100	2	2099	2101	
2101	2	2100	2102	
2102	2	2101	2103	
2103	2	2102	2104	
2104	2	2103	2105	
2105	2	2104	2106	
2106	2	2105	2107	
2107	2	2106	-1	
2108	2	390	2109	
2109	2	2108	2110	
2110	2	2109	2111	
2111	2	2110	2112	
2112	2	2111	2113	
2113	2	2112	2114	
2114	2	2113	2115	
2115	2	2114	2116	
2116	2	2115	2117	
2117	2	2116	2118	
2118	2	2117	2119	
2119	2	2118	2120	
2120	2	2119	2121	
2121	2	2120	2122	
2122	2	2121	2123	
2123	2	2122	2124	
2124	2	2123	2125	
2125	2	2124	2126	
2126	2	2125	2127	
2127	2	2126	2128	
2128	2	2127	2129	
2129	2	2128	2130	
2130	2	2129	2131	
2131	2	2130	2132	
2132	2	2131	2133	
2133	2	2132	2134	
2134	2	2133	2135	
2135	2	2134	2136	
2136	2	2135	2137	
2137	2	2136	2138	
2138	2	2137	2139	
2139	2	2138	2140	
2140	2	2139	2141	
2141	2	2140	2142	
2142	2	2141	2143	
2143	2	2142	2144	
2144	2	2143	2145	
2145	2	2144	2146	
2146	2	2145	2147	
2147	2	2146	2148	
2148	2	2147	2149	
2149	2	2148	2150	
2150	2	2149	2151	
2151	2	2150	2152	
2152	2	2151	2153	
2153	2	2152	2154	
2154	2	2153	2155	
2155	2	2154	2156	
2156	2	2155	2157	
2157	2	2156	2158	
2158	2	2157	2159	
2159	2	2158	2160	
2160	2	2159	2161	
2161	2	2160	2162	
2162	2	2161	2163	
2163	2	2162	2164	
2164	2	2163	2165	
2165	2	2164	2166	
2166	2	2165	2167	
2167	2	2166	2168	
2168	2	2167	2169	
2169	2	2168	2170	
2170	2	2169	2171	
2171	2	2170	2172	
2172	2	2171	2173	
2173	2	2172	2174	
2174	2	2173	2175	
2175	2	2174	2176	
2176	2	2175	2177	
2177	2	2176	2178	
2178	2	2177	2179	
2179	2	2178	2180	
2180	2	2179	2181	
2181	2	2180	2182	
2182	2	2181	2183	
2183	2	2182	2184	
2184	2	2183	2185	
2185	2	2184	2186	
2186	2	2185	2187	
2187	2	2186	2188	
2188	2	2187	2189	
2189	2	2188	-1	
2190	2	646	2191	
2191	2	2190	2192	
2192	2	2191	2193	
2193	2	2192	2194	
2194	2	2193	2195	
2195	2	2194	2196	
2196	2	2195	2197	
2197	2	2196	2198	
2198	2	2197	2199	
2199	2	2198	2200	
2200	2	2199	2201	
2201	2	2200	2202	
2202	2	2201	2203	
2203	2	2202	2204	
2204	2	2203	2205	
2205	2	2204	2206	
2206	2	2205	2207	
2207	2	2206	2208	
2208	2	2207	2209	
2209	2	2208	2210	
2210	2	2209	2211	
2211	2	2210	2212	
2212	2	2211	2213	
2213	2	2212	2214	
2214	2	2213	2215	
2215	2	2214	2216	
2216	2	2215	2217	
2217	2	2216	2218	
2218	2	2217	2219	
2219	2	2218	2220	
2220	2	2219	2221	
2221	2	2220	2222	
2222	2	2221	2223	
2223	2	2222	2224	
2224	2	2223	2225	
2225	2	2224	2226	
2226	2	2225	2227	
2227	2	2226	2228	
2228	2	2227	2229	
2229	2	2228	2230	
2230	2	2229	2231	
2231	2	2230	2232	
2232	2	2231	2233	
2233	2	2232	2234	
2234	2	2233	2235	
2235	2	2234	2236	
2236	2	2235	2237	
2237	2	2236	2238	
2238	2	2237	2239	
2239	2	2238	2240	
2240	2	2239	2241	
2241	2	2240	2242	
2242	2	2241	2243	
2243	2	2242	2244	
2244	2	2243	2245	
2245	2	2244	2246	
2246	2	2245	-1	
2247	2	907	2248	
2248	2	2247	2249	
2249	2	2248	2250	
2250	2	2249	2251	
2251	2	2250	2252	
2252	2	2251	2253	
2253	2	2252	2254	
2254	2	2253	2255	
2255	2	2254	2256	
2256	2	2255	2257	
2257	2	2256	2258	
2258	2	2257	2259	
2259	2	2258	2260	
2260	2	2259	2261	
2261	2	2260	2262	
2262	2	2261	2263	
2263	2	2262	2264	
2264	2	2263	2265	
2265	2	2264	2266	
2266	2	2265	2267	
2267	2	2266	2268	
2268	2	2267	2269	
2269	2	2268	2270	
2270	2	2269	2271	
2271	2	2270	2272	
2272	2	2271	2273	
2273	2	2272	2274	
2274	2	2273	2275	
2275	2	2274	2276	
2276	2	2275	2277	
2277	2	2276	2278	
2278	2	2277	2279	
2279	2	2278	2280	
2280	2	2279	2281	
2281	2	2280	2282	
2282	2	2281	2283	
2283	2	2282	2284	
2284	2	2283	2285	
2285	2	2284	2286	
2286	2	2285	2287	
2287	2	2286	2288	
2288	2	2287	2289	
2289	2	2288	2290	
2290	2	2289	2291	
2291	2	2290	2292	
2292	2	2291	2293	
2293	2	2292	-1	
2294	2	1047	2295	
2295	2	2294	2296	
2296	2	2295	2297	
2297	2	2296	2298	
2298	2	2297	2299	
2299	2	2298	2300	
2300	2	2299	2301	
2301	2	2300	2302	
2302	2	2301	2303	
2303	2	2302	2304	
2304	2	2303	2305	
2305	2	2304	2306	
2306	2	2305	2307	
2307	2	2306	2308	
2308	2	2307	2309	
2309	2	2308	2310	
2310	2	2309	2311	
2311	2	2310	2312	
2312	2	2311	2313	
2313	2	2312	2314	
2314	2	2313	2315	
2315	2	2314	2316	
2316	2	2315	2317	
2317	2	2316	2318	
2318	2	2317	2319	
2319	2	2318	2320	
2320	2	2319	2321	
2321	2	2320	2322	
2322	2	2321	2323	
2323	2	2322	2324	
2324	2	2323	2325	
2325	2	2324	2326	
2326	2	2325	2327	
2327	2	2326	2328	
2328	2	2327	2329	
2329	2	2328	2330	
2330	2	2329	2331	
2331	2	2330	2332	
2332	2	2331	2333	
2333	2	2332	2334	
2334	2	2333	2335	
2335	2	2334	-1	
2336	2	1340	2337	
2337	2	2336	2338	
2338	2	2337	2339	
2339	2	2338	2340	
2340	2	2339	2341	
2341	2	2340	2342	
2342	2	2341	2343	
2343	2	2342	2344	
2344	2	2343	2345	
2345	2	2344	2346	
2346	2	2345	2347	
2347	2	2346	2348	
2348	2	2347	2349	
2349	2	2348	2350	
2350	2	2349	2351	
2351	2	2350	2352	
2352	2	2351	2353	
2353	2	2352	2354	
2354	2	2353	2355	
2355	2	2354	2356	
2356	2	2355	2357	
2357	2	2356	2358	
2358	2	2357	2359	
2359	2	2358	2360	
2360	2	2359	2361	
2361	2	2360	2362	
2362	2	2361	2363	
2363	2	2362	2364	
2364	2	2363	2365	
2365	2	2364	2366	
2366	2	2365	2367	
2367	2	2366	2368	
2368	2	2367	2369	
2369	2	2368	2370	
2370	2	2369	2371	
2371	2	2370	2372	
2372	2	2371	2373	
2373	2	2372	2374	
2374	2	2373	2375	
2375	2	2374	2376	
2376	2	2375	-1	
2377	2	1623	2378	
2378	2	2377	2379	
2379	2	2378	2380	
2380	2	2379	2381	
2381	2	2380	2382	
2382	2	2381	2383	
2383	2	2382	2384	
2384	2	2383	2385	
2385	2	2384	2386	
2386	2	2385	2387	
2387	2	2386	2388	
2388	2	2387	2389	
2389	2	2388	2390	
2390	2	2389	2391	
2391	2	2390	2392	
2392	2	2391	2393	
2393	2	2392	2394	
2394	2	2393	2395	
2395	2	2394	2396	
2396	2	2395	2397	
2397	2	2396	2398	
2398	2	2397	2399	
2399	2	2398	2400	
2400	2	2399	2401	
2401	2	2400	2402	
2402	2	2401	2403	
2403	2	2402	2404	
2404	2	2403	2405	
2405	2	2404	2406	
2406	2	2405	2407	
2407	2	2406	2408	
2408	2	2407	2409	
2409	2	2408	2410	
2410	2	2409	2411	
2411	2	2410	2412	
2412	2	2411	2413	
2413	2	2412	2414	
2414	2	2413	2415	
2415	2	2414	2416	
2416	2	2415	2417	
2417	2	2416	2418	
2418	2	2417	2419	
2419	2	2418	2420	
2420	2	2419	2421	
2421	2	2420	2422	
2422	2	2421	-1	
2423	2	1835	2424	
2424	2	2423	2425	
2425	2	2424	2426	
2426	2	2425	2427	
2427	2	2426	2428	
2428	2	2427	2429	
2429	2	2428	2430	
2430	2	2429	2431	
2431	2	2430	2432	
2432	2	2431	2433	
2433	2	2432	2434	
2434	2	2433	2435	
2435	2	2434	2436	
2436	2	2435	2437	
2437	2	2436	2438	
2438	2	2437	2439	
2439	2	2438	2440	
2440	2	2439	2441	
2441	2	2440	2442	
2442	2	2441	2443	
2443	2	2442	2444	
2444	2	2443	2445	
2445	2	2444	2446	
2446	2	2445	2447	
2447	2	2446	2448	
2448	2	2447	2449	
2449	2	2448	2450	
2450	2	2449	2451	
2451	2	2450	2452	
2452	2	2451	-1	
2453	2	1885	2454	
2454	2	2453	2455	
2455	2	2454	2456	
2456	2	2455	2457	
2457	2	2456	2458	
2458	2	2457	2459	
2459	2	2458	2460	
2460	2	2459	2461	
2461	2	2460	2462	
2462	2	2461	2463	
2463	2	2462	2464	
2464	2	2463	2465	
2465	2	2464	2466	
2466	2	2465	2467	
2467	2	2466	2468	
2468	2	2467	2469	
2469	2	2468	2470	
2470	2	2469	2471	
2471	2	2470	2472	
2472	2	2471	2473	
2473	2	2472	2474	
2474	2	2473	2475	
2475	2	2474	2476	
2476	2	2475	2477	
2477	2	2476	2478	
2478	2	2477	2479	
2479	2	2478	2480	
2480	2	2479	2481	
2481	2	2480	2482	
2482	2	2481	-1	
2483	2	1933	2484	
2484	2	2483	2485	
2485	2	2484	2486	
2486	2	2485	2487	
2487	2	2486	2488	
2488	2	2487	2489	
2489	2	2488	2490	
2490	2	2489	2491	
2491	2	2490	2492	
2492	2	2491	2493	
2493	2	2492	2494	
2494	2	2493	2495	
2495	2	2494	2496	
2496	2	2495	2497	
2497	2	2496	2498	
2498	2	2497	2499	
2499	2	2498	2500	
2500	2	2499	2501	
2501	2	2500	2502	
2502	2	2501	2503	
2503	2	2502	2504	
2504	2	2503	2505	
2505	2	2504	2506	
2506	2	2505	2507	
2507	2	2506	2508	
2508	2	2507	2509	
2509	2	2508	-1	
2510	2	1986	2511	
2511	2	2510	2512	
2512	2	2511	2513	
2513	2	2512	2514	
2514	2	2513	2515	
2515	2	2514	2516	
2516	2	2515	2517	
2517	2	2516	2518	
2518	2	2517	2519	
2519	2	2518	2520	
2520	2	2519	2521	
2521	2	2520	2522	
2522	2	2521	2523	
2523	2	2522	2524	
2524	2	2523	2525	
2525	2	2524	2526	
2526	2	2525	2527	
2527	2	2526	2528	
2528	2	2527	2529	
2529	2	2528	2530	
2530	2	2529	2531	
2531	2	2530	2532	
2532	2	2531	2533	
2533	2	2532	2534	
2534	2	2533	2535	
2535	2	2534	2536	
2536	2	2535	-1	
2537	2	82	2538	
2538	2	2537	2539	
2539	2	2538	2540	
2540	2	2539	2541	
2541	2	2540	2542	
2542	2	2541	2543	
2543	2	2542	2544	
2544	2	2543	2545	
2545	2	2544	2546	
2546	2	2545	2547	
2547	2	2546	2548	
2548	2	2547	2549	
2549	2	2548	2550	
2550	2	2549	2551	
2551	2	2550	2552	
2552	2	2551	2553	
2553	2	2552	2554	
2554	2	2553	2555	
2555	2	2554	2556	
2556	2	2555	2557	
2557	2	2556	2558	
2558	2	2557	2559	
2559	2	2558	2560	
2560	2	2559	2561	
2561	2	2560	2562	
2562	2	2561	2563	
2563	2	2562	2564	
2564	2	2563	2565	
2565	2	2564	2566	
2566	2	2565	2567	
2567	2	2566	2568	
2568	2	2567	2569	
2569	2	2568	2570	
2570	2	2569	2571	
2571	2	2570	2572	
2572	2	2571	2573	
2573	2	2572	2574	
2574	2	2573	2575	
2575	2	2574	2576	
2576	2	2575	2577	
2577	2	2576	2578	
2578	2	2577	2579	
2579	2	2578	2580	
2580	2	2579	2581	
2581	2	2580	2582	
2582	2	2581	2583	
2583	2	2582	2584	
2584	2	2583	2585	
2585	2	2584	2586	
2586	2	2585	2587	
2587	2	2586	2588	
2588	2	2587	-1	
2589	2	322	2590	
2590	2	2589	2591	
2591	2	2590	2592	
2592	2	2591	2593	
2593	2	2592	2594	
2594	2	2593	2595	
2595	2	2594	2596	
2596	2	2595	2597	
2597	2	2596	2598	
2598	2	2597	2599	
2599	2	2598	2600	
2600	2	2599	2601	
2601	2	2600	2602	
2602	2	2601	2603	
2603	2	2602	2604	
2604	2	2603	2605	
2605	2	2604	2606	
2606	2	2605	2607	
2607	2	2606	2608	
2608	2	2607	2609	
2609	2	2608	2610	
2610	2	2609	2611	
2611	2	2610	2612	
2612	2	2611	2613	
2613	2	2612	2614	
2614	2	2613	2615	
2615	2	2614	2616	
2616	2	2615	2617	
2617	2	2616	2618	
2618	2	2617	2619	
2619	2	2618	2620	
2620	2	2619	2621	
2621	2	2620	2622	
2622	2	2621	2623	
2623	2	2622	2624	
2624	2	2623	2625	
2625	2	2624	2626	
2626	2	2625	2627	
2627	2	2626	2628	
2628	2	2627	2629	
2629	2	2628	2630	
2630	2	2629	2631	
2631	2	2630	2632	
2632	2	2631	2633	
2633	2	2632	2634	
2634	2	2633	2635	
2635	2	2634	2636	
2636	2	2635	2637	
2637	2	2636	2638	
2638	2	2637	2639	
2639	2	2638	2640	
2640	2	2639	2641	
2641	2	2640	2642	
2642	2	2641	2643	
2643	2	2642	2644	
2644	2	2643	2645	
2645	2	2644	-1	
2646	2	537	2647	
2647	2	2646	2648	
2648	2	2647	2649	
2649	2	2648	2650	
2650	2	2649	2651	
2651	2	2650	2652	
2652	2	2651	2653	
2653	2	2652	2654	
2654	2	2653	2655	
2655	2	2654	2656	
2656	2	2655	2657	
2657	2	2656	2658	
2658	2	2657	2659	
2659	2	2658	2660	
2660	2	2659	2661	
2661	2	2660	2662	
2662	2	2661	2663	
2663	2	2662	2664	
2664	2	2663	2665	
2665	2	2664	2666	
2666	2	2665	2667	
2667	2	2666	2668	
2668	2	2667	2669	
2669	2	2668	2670	
2670	2	2669	2671	
2671	2	2670	2672	
2672	2	2671	2673	
2673	2	2672	2674	
2674	2	2673	2675	
2675	2	2674	2676	
2676	2	2675	2677	
2677	2	2676	2678	
2678	2	2677	2679	
2679	2	2678	2680	
2680	2	2679	2681	
2681	2	2680	2682	
2682	2	2681	2683	
2683	2	2682	2684	
2684	2	2683	2685	
2685	2	2684	2686	
2686	2	2685	2687	
2687	2	2686	2688	
2688	2	2687	-1	
2689	2	858	2690	
2690	2	2689	2691	
2691	2	2690	2692	
2692	2	2691	2693	
2693	2	2692	2694	
2694	2	2693	2695	
2695	2	2694	2696	
2696	2	2695	2697	
2697	2	2696	2698	
2698	2	2697	2699	
2699	2	2698	2700	
2700	2	2699	2701	
2701	2	2700	2702	
2702	2	2701	2703	
2703	2	2702	2704	
2704	2	2703	2705	
2705	2	2704	2706	
2706	2	2705	2707	
2707	2	2706	2708	
2708	2	2707	2709	
2709	2	2708	2710	
2710	2	2709	2711	
2711	2	2710	2712	
2712	2	2711	2713	
2713	2	2712	2714	
2714	2	2713	2715	
2715	2	2714	2716	
2716	2	2715	2717	
2717	2	2716	2718	
2718	2	2717	2719	
2719	2	2718	2720	
2720	2	2719	2721	
2721	2	2720	2722	
2722	2	2721	2723	
2723	2	2722	2724	
2724	2	2723	2725	
2725	2	2724	2726	
2726	2	2725	2727	
2727	2	2726	2728	
2728	2	2727	2729	
2729	2	2728	2730	
2730	2	2729	2731	
2731	2	2730	2732	
2732	2	2731	2733	
2733	2	2732	2734	
2734	2	2733	2735	
2735	2	2734	-1	
2736	2	1108	2737	
2737	2	2736	2738	
2738	2	2737	2739	
2739	2	2738	2740	
2740	2	2739	2741	
2741	2	2740	2742	
2742	2	2741	2743	
2743	2	2742	2744	
2744	2	2743	2745	
2745	2	2744	2746	
2746	2	2745	2747	
2747	2	2746	2748	
2748	2	2747	2749	
2749	2	2748	2750	
2750	2	2749	2751	
2751	2	2750	2752	
2752	2	2751	2753	
2753	2	2752	2754	
2754	2	2753	2755	
2755	2	2754	2756	
2756	2	2755	2757	
2757	2	2756	2758	
2758	2	2757	2759	
2759	2	2758	2760	
2760	2	2759	2761	
2761	2	2760	2762	
2762	2	2761	2763	
2763	2	2762	2764	
2764	2	2763	2765	
2765	2	2764	2766	
2766	2	2765	2767	
2767	2	2766	2768	
2768	2	2767	2769	
2769	2	2768	2770	
2770	2	2769	2771	
2771	2	2770	2772	
2772	2	2771	2773	
2773	2	2772	2774	
2774	2	2773	2775	
2775	2	2774	2776	
2776	2	2775	2777	
2777	2	2776	2778	
2778	2	2777	2779	
2779	2	2778	2780	
2780	2	2779	-1	
2781	2	1303	2782	
2782	2	2781	2783	
2783	2	2782	2784	
2784	2	2783	2785	
2785	2	2784	2786	
2786	2	2785	2787	
2787	2	2786	2788	
2788	2	2787	2789	
2789	2	2788	2790	
2790	2	2789	2791	
2791	2	2790	2792	
2792	2	2791	2793	
2793	2	2792	2794	
2794	2	2793	2795	
2795	2	2794	2796	
2796	2	2795	2797	
2797	2	2796	2798	
2798	2	2797	2799	
2799	2	2798	2800	
2800	2	2799	2801	
2801	2	2800	2802	
2802	2	2801	2803	
2803	2	2802	2804	
2804	2	2803	2805	
2805	2	2804	2806	
2806	2	2805	2807	
2807	2	2806	2808	
2808	2	2807	2809	
2809	2	2808	2810	
2810	2	2809	2811	
2811	2	2810	2812	
2812	2	2811	2813	
2813	2	2812	2814	
2814	2	2813	2815	
2815	2	2814	2816	
2816	2	2815	2817	
2817	2	2816	2818	
2818	2	2817	2819	
2819	2	2818	2820	
2820	2	2819	2821	
2821	2	2820	2822	
2822	2	2821	2823	
2823	2	2822	2824	
2824	2	2823	2825	
2825	2	2824	2826	
2826	2	2825	-1	
2827	2	1710	2828	
2828	2	2827	2829	
2829	2	2828	2830	
2830	2	2829	2831	
2831	2	2830	2832	
2832	2	2831	2833	
2833	2	2832	2834	
2834	2	2833	2835	
2835	2	2834	2836	
2836	2	2835	2837	
2837	2	2836	2838	
2838	2	2837	2839	
2839	2	2838	2840	
2840	2	2839	2841	
2841	2	2840	2842	
2842	2	2841	2843	
2843	2	2842	2844	
2844	2	2843	2845	
2845	2	2844	2846	
2846	2	2845	2847	
2847	2	2846	2848	
2848	2	2847	2849	
2849	2	2848	2850	
2850	2	2849	2851	
2851	2	2850	2852	
2852	2	2851	2853	
2853	2	2852	2854	
2854	2	2853	2855	
2855	2	2854	2856	
2856	2	2855	2857	
2857	2	2856	2858	
2858	2	2857	2859	
2859	2	2858	2860	
2860	2	2859	2861	
2861	2	2860	2862	
2862	2	2861	2863	
2863	2	2862	2864	
2864	2	2863	2865	
2865	2	2864	2866	
2866	2	2865	2867	
2867	2	2866	2868	
2868	2	2867	2869	
2869	2	2868	2870	
2870	2	2869	2871	
2871	2	2870	2872	
2872	2	2871	2873	
2873	2	2872	2874	
2874	2	2873	2875	
2875	2	2874	2876	
2876	2	2875	2877	
2877	2	2876	2878	
2878	2	2877	2879	
2879	2	2878	2880	
2880	2	2879	2881	
2881	2	2880	2882	
2882	2	2881	2883	
2883	2	2882	-1	
2884	2	1825	2885	
2885	2	2884	2886	
2886	2	2885	2887	
2887	2	2886	2888	
2888	2	2887	2889	
2889	2	2888	2890	
2890	2	2889	2891	
2891	2	2890	2892	
2892	2	2891	2893	
2893	2	2892	2894	
2894	2	2893	2895	
2895	2	2894	2896	
2896	2	2895	2897	
2897	2	2896	2898	
2898	2	2897	2899	
2899	2	2898	2900	
2900	2	2899	2901	
2901	2	2900	2902	
2902	2	2901	2903	
2903	2	2902	2904	
2904	2	2903	2905	
2905	2	2904	2906	
2906	2	2905	2907	
2907	2	2906	2908	
2908	2	2907	2909	
2909	2	2908	2910	
2910	2	2909	2911	
2911	2	2910	2912	
2912	2	2911	2913	
2913	2	2912	-1	
2914	2	1871	2915	
2915	2	2914	2916	
2916	2	2915	2917	
2917	2	2916	2918	
2918	2	2917	2919	
2919	2	2918	2920	
2920	2	2919	2921	
2921	2	2920	2922	
2922	2	2921	2923	
2923	2	2922	2924	
2924	2	2923	2925	
2925	2	2924	2926	
2926	2	2925	2927	
2927	2	2926	2928	
2928	2	2927	2929	
2929	2	2928	2930	
2930	2	2929	2931	
2931	2	2930	2932	
2932	2	2931	2933	
2933	2	2932	2934	
2934	2	2933	2935	
2935	2	2934	2936	
2936	2	2935	2937	
2937	2	2936	2938	
2938	2	2937	2939	
2939	2	2938	2940	
2940	2	2939	2941	
2941	2	2940	2942	
2942	2	2941	2943	
2943	2	2942	-1	
2944	2	1921	2945	
2945	2	2944	2946	
2946	2	2945	2947	
2947	2	2946	2948	
2948	2	2947	2949	
2949	2	2948	2950	
2950	2	2949	2951	
2951	2	2950	2952	
2952	2	2951	2953	
2953	2	2952	2954	
2954	2	2953	2955	
2955	2	2954	2956	
2956	2	2955	2957	
2957	2	2956	2958	
2958	2	2957	2959	
2959	2	2958	2960	
2960	2	2959	2961	
2961	2	2960	2962	
2962	2	2961	2963	
2963	2	2962	2964	
2964	2	2963	2965	
2965	2	2964	2966	
2966	2	2965	2967	
2967	2	2966	2968	
2968	2	2967	2969	
2969	2	2968	2970	
2970	2	2969	2971	
2971	2	2970	2972	
2972	2	2971	2973	
2973	2	2972	2974	
2974	2	2973	2975	
2975	2	2974	2976	
2976	2	2975	-1	
2977	2	1968	2978	
2978	2	2977	2979	
2979	2	2978	2980	
2980	2	2979	2981	
2981	2	2980	2982	
2982	2	2981	2983	
2983	2	2982	2984	
2984	2	2983	2985	
2985	2	2984	2986	
2986	2	2985	2987	
2987	2	2986	2988	
2988	2	2987	2989	
2989	2	2988	2990	
2990	2	2989	2991	
2991	2	2990	2992	
2992	2	2991	2993	
2993	2	2992	2994	
2994	2	2993	2995	
2995	2	2994	2996	
2996	2	2995	2997	
2997	2	2996	2998	
2998	2	2997	2999	
2999	2	2998	3000	
3000	2	2999	3001	
3001	2	3000	3002	
3002	2	3001	3003	
3003	2	3002	3004	
3004	2	3003	-1	
