;Style	D/H	bottomwidth	angle	Manning	Water level	Infiltration
Q20251012161706	10	2.4	25	0.015	0	0
Q20251012161755	10	1.5	25	0.015	0	0
Q20251012161921	10	4	25	0.015	0	0
Q20251012161953	10	3.2	25	0.015	0	0
Q20251022154230	5	2	25	0.02	0	0
Q20251022154254	5	2	25	0.02	0	0
Q20251022154302	5	2	25	0.02	0	0
Q20251022154310	5	2	25	0.02	0	0
Q20251022154319	5	2	25	0.02	0	0
Q20251022154328	5	2	25	0.02	0	0
Q20251022154337	5	2	25	0.02	0	0
Q20251022154347	5	2	25	0.02	0	0
Q20251022154353	5	2	25	0.02	0	0
Q20251022154400	5	2	25	0.02	0	0
Q20251022154405	5	2	25	0.02	0	0
Q20251024235647	2	2	25	0.025	0	0
Q20251024235657	2	2	25	0.025	0	0
Q20251024235707	2	2	25	0.025	0	0
Q20251024235722	2	2	25	0.025	0	0
Q20251024235734	2	2	25	0.024	0	0
Q20251024235742	2	2	25	0.025	0	0
Q20251024235753	2	2	25	0.025	0	0
Q20251024235801	2	2	25	0.025	0	0
Q20251024235809	2	2	25	0.025	0	0
Q20251024235817	2	2	25	0.025	0	0
Q20251024235825	2	2	25	0.025	0	0
